rot:
  max: 179.72879380335712
  mean: 98.46072410571561
  median: 93.41248312741925
  min: 13.866713466990626
  num_samples: 602
  rmse: 105.73299804428231
  std: 38.53508380697206
scale:
  max: .inf
  mean: .inf
  median: 7.051555164368245
  min: 0.0014845233856197737
  num_samples: 602
  rmse: .inf
  std: .nan
trans:
  max: 21.97255287593202
  mean: 8.439008019740294
  median: 7.070650765399295
  min: 2.5626970921914882
  num_samples: 602
  rmse: 9.864347755542001
  std: 5.107690308253382
