rot:
  max: 179.67313358654673
  mean: 127.72647951866585
  median: 133.91108489100634
  min: 68.99741500896023
  num_samples: 470
  rmse: 130.9390638478341
  std: 28.82680820200188
scale:
  max: 89.91310592496795
  mean: 28.735709892300925
  median: 28.047795698692163
  min: 0.00920940401472059
  num_samples: 470
  rmse: 34.06210988194528
  std: 18.288966799555226
trans:
  max: 18.911505336663648
  mean: 7.852210012332717
  median: 7.272572897447418
  min: 0.5220875466620498
  num_samples: 470
  rmse: 8.637340527677955
  std: 3.598117467967092
