rot:
  max: 130.9390638478341
  mean: 130.9390638478341
  median: 130.9390638478341
  min: 130.9390638478341
  num_samples: 1
  rmse: 130.9390638478341
  std: 0.0
scale:
  max: 34.06210988194528
  mean: 34.06210988194528
  median: 34.06210988194528
  min: 34.06210988194528
  num_samples: 1
  rmse: 34.06210988194528
  std: 0.0
trans:
  max: 8.637340527677955
  mean: 8.637340527677955
  median: 8.637340527677955
  min: 8.637340527677955
  num_samples: 1
  rmse: 8.637340527677955
  std: 0.0
