rot:
  max: 175.67689637683955
  mean: 117.56354547311153
  median: 108.9130237121492
  min: 76.12262496581107
  num_samples: 212
  rmse: 119.50801655829245
  std: 21.470416798207264
scale:
  max: 2411.0527525315765
  mean: 66.44949081224051
  median: 6.20683294564327
  min: 0.06406331199062532
  num_samples: 212
  rmse: 244.1014502855115
  std: 234.88291381512622
trans:
  max: 33.63531276920864
  mean: 6.021280131599667
  median: 4.628168791448043
  min: 0.6795146503025971
  num_samples: 212
  rmse: 7.804778752385806
  std: 4.965758446652035
