rot:
  max: 119.50801655829245
  mean: 119.50801655829245
  median: 119.50801655829245
  min: 119.50801655829245
  num_samples: 1
  rmse: 119.50801655829245
  std: 0.0
scale:
  max: 244.1014502855115
  mean: 244.1014502855115
  median: 244.1014502855115
  min: 244.1014502855115
  num_samples: 1
  rmse: 244.1014502855115
  std: 0.0
trans:
  max: 7.804778752385806
  mean: 7.804778752385806
  median: 7.804778752385806
  min: 7.804778752385806
  num_samples: 1
  rmse: 7.804778752385806
  std: 0.0
