rot:
  max: 179.93614677388283
  mean: 123.10437824711724
  median: 132.45618917820093
  min: 37.915379460010556
  num_samples: 1059
  rmse: 129.3013955611718
  std: 39.54950000262088
scale:
  max: 77.10697940925535
  mean: 45.57122805757231
  median: 47.80219460710866
  min: 0.22640309253101343
  num_samples: 1059
  rmse: 49.2916918793793
  std: 18.786539374147672
trans:
  max: 24.267008956532155
  mean: 13.093928922576078
  median: 12.489833960738725
  min: 3.6193417442033087
  num_samples: 1059
  rmse: 13.924025669815666
  std: 4.73576986605255
