rot:
  max: 129.3013955611718
  mean: 129.3013955611718
  median: 129.3013955611718
  min: 129.3013955611718
  num_samples: 1
  rmse: 129.3013955611718
  std: 0.0
scale:
  max: 49.2916918793793
  mean: 49.2916918793793
  median: 49.2916918793793
  min: 49.2916918793793
  num_samples: 1
  rmse: 49.2916918793793
  std: 0.0
trans:
  max: 13.924025669815666
  mean: 13.924025669815666
  median: 13.924025669815666
  min: 13.924025669815666
  num_samples: 1
  rmse: 13.924025669815666
  std: 0.0
