cam0:
  cam_overlaps: [1, 2]
  camera_model: pinhole
  distortion_coeffs: [-0.006216881543788755, -0.008965831146637354, -0.006699760163435405, 0.004722332098436569]
  distortion_model: radtan
  intrinsics: [385.9663579533714, 386.66632586105874, 326.31560591362586, 228.94820856640544]
  resolution: [640, 480]
  rostopic: /infra_left
cam1:
  T_cn_cnm1:
  - [0.9999982478417243, 0.0007231719358237159, 0.0017266545179410152, -0.05061547251114527]
  - [-0.0007153510018253096, 0.9999895023790816, -0.0045258595396731735, -2.6740227006398083e-05]
  - [-0.0017299093667810077, 0.004524616445611729, 0.9999882675609723, -0.0007800518246660552]
  - [0.0, 0.0, 0.0, 1.0]
  cam_overlaps: [0, 2]
  camera_model: pinhole
  distortion_coeffs: [0.0008912292688776762, -0.049744871536725306, -0.003605966286580121, 0.0028794430597202047]
  distortion_model: radtan
  intrinsics: [386.5092116377738, 386.6137952578704, 324.9424812770913, 231.01404187987941]
  resolution: [640, 480]
  rostopic: /infra_right

