cam0:
  cam_overlaps: [1, 2]
  camera_model: pinhole
  distortion_coeffs: [-0.006216881543788755, -0.008965831146637354, -0.006699760163435405, 0.004722332098436569]
  distortion_model: radtan
  intrinsics: [385.9663579533714, 386.66632586105874, 326.31560591362586, 228.94820856640544]
  resolution: [640, 480]
  rostopic: /camera/infra1/image_rect_raw
cam1:
  T_cn_cnm1:
  - [0.9999982478417243, 0.0007231719358237159, 0.0017266545179410152, -0.05061547251114527]
  - [-0.0007153510018253096, 0.9999895023790816, -0.0045258595396731735, -2.6740227006398083e-05]
  - [-0.0017299093667810077, 0.004524616445611729, 0.9999882675609723, -0.0007800518246660552]
  - [0.0, 0.0, 0.0, 1.0]
  cam_overlaps: [0, 2]
  camera_model: pinhole
  distortion_coeffs: [0.0008912292688776762, -0.049744871536725306, -0.003605966286580121, 0.0028794430597202047]
  distortion_model: radtan
  intrinsics: [386.5092116377738, 386.6137952578704, 324.9424812770913, 231.01404187987941]
  resolution: [640, 480]
  rostopic: /camera/infra2/image_rect_raw
cam2:
  T_cn_cnm1:
  - [0.999760994246748, 0.000271402604702498, 0.0218604831459736, 0.06623034832175068]
  - [-0.000362299104156225, 0.999991305747876, 0.0041541747691351645, -0.00024970987652567044]
  - [-0.021859165631568894, -0.0041611019309255445, 0.9997524004015232, 0.0017389708874336312]
  - [0.0, 0.0, 0.0, 1.0]
  cam_overlaps: [0, 1]
  camera_model: pinhole
  distortion_coeffs: [0.09577766302143696, -0.17830329438442413, -0.005340130864904029, -0.004236746348556729]
  distortion_model: radtan
  intrinsics: [596.4430481989782, 595.3845962618227, 319.89488711004, 224.09962049607427]
  resolution: [640, 480]
  rostopic: /camera/color/image_raw
