rot:
  max: 179.86563223092665
  mean: 97.80896577915979
  median: 100.04826302588222
  min: 17.604328418909862
  num_samples: 593
  rmse: 105.8377933842439
  std: 40.435686239472325
scale:
  max: 23515.338568869935
  mean: 352.9744369400265
  median: 20.86948461685075
  min: 0.009117532888658353
  num_samples: 593
  rmse: 1968.7096158101594
  std: 1936.808353516232
trans:
  max: 39.80103620828488
  mean: 18.487549243165006
  median: 18.12514989235074
  min: 2.061841471094879
  num_samples: 593
  rmse: 19.995931841859385
  std: 7.618911549941701
