rot:
  max: 105.8377933842439
  mean: 105.8377933842439
  median: 105.8377933842439
  min: 105.8377933842439
  num_samples: 1
  rmse: 105.8377933842439
  std: 0.0
scale:
  max: 1968.7096158101594
  mean: 1968.7096158101594
  median: 1968.7096158101594
  min: 1968.7096158101594
  num_samples: 1
  rmse: 1968.7096158101594
  std: 0.0
trans:
  max: 19.995931841859385
  mean: 19.995931841859385
  median: 19.995931841859385
  min: 19.995931841859385
  num_samples: 1
  rmse: 19.995931841859385
  std: 0.0
