rot:
  max: 179.99941127177658
  mean: 104.86400591678702
  median: 93.89431548171544
  min: 39.67676993372397
  num_samples: 942
  rmse: 111.44509804184862
  std: 37.72996343281169
scale:
  max: 126.51775533110205
  mean: 47.67406211274301
  median: 53.56409034469948
  min: 0.033239396395023935
  num_samples: 942
  rmse: 51.89545871040922
  std: 20.501766666170756
trans:
  max: 27.092320776752462
  mean: 13.28440885549341
  median: 12.467855661548683
  min: 2.6427126589161904
  num_samples: 942
  rmse: 14.124349923651268
  std: 4.798097761179509
