rot:
  max: 111.44509804184862
  mean: 111.44509804184862
  median: 111.44509804184862
  min: 111.44509804184862
  num_samples: 1
  rmse: 111.44509804184862
  std: 0.0
scale:
  max: 51.89545871040922
  mean: 51.89545871040922
  median: 51.89545871040922
  min: 51.89545871040922
  num_samples: 1
  rmse: 51.89545871040922
  std: 0.0
trans:
  max: 14.124349923651268
  mean: 14.124349923651268
  median: 14.124349923651268
  min: 14.124349923651268
  num_samples: 1
  rmse: 14.124349923651268
  std: 0.0
