rot:
  max: 179.7998571543958
  mean: 137.98107903504487
  median: 142.10549807693346
  min: 50.297493764342306
  num_samples: 305
  rmse: 140.875897972416
  std: 28.41197736623152
scale:
  max: 1787.0646906777474
  mean: 118.02846249868742
  median: 45.75399128818803
  min: 0.24742757596430964
  num_samples: 305
  rmse: 255.07759219278765
  std: 226.12797279210295
trans:
  max: 30.852799989598875
  mean: 14.106568594078805
  median: 10.619391873897621
  min: 0.8752040325481742
  num_samples: 305
  rmse: 16.27509292639962
  std: 8.1168572898316
