rot:
  max: 140.875897972416
  mean: 140.875897972416
  median: 140.875897972416
  min: 140.875897972416
  num_samples: 1
  rmse: 140.875897972416
  std: 0.0
scale:
  max: 255.07759219278765
  mean: 255.07759219278765
  median: 255.07759219278765
  min: 255.07759219278765
  num_samples: 1
  rmse: 255.07759219278765
  std: 0.0
trans:
  max: 16.27509292639962
  mean: 16.27509292639962
  median: 16.27509292639962
  min: 16.27509292639962
  num_samples: 1
  rmse: 16.27509292639962
  std: 0.0
