rot:
  max: 179.71085090390366
  mean: 98.23979954405134
  median: 101.70380442707922
  min: 6.717605720245064
  num_samples: 364
  rmse: 107.98119575864445
  std: 44.82053572874049
scale:
  max: 12375.251338950377
  mean: 273.53040583780114
  median: 18.239128149290078
  min: 0.019084623766185693
  num_samples: 364
  rmse: 1322.7857616319122
  std: 1294.1960007117648
trans:
  max: 36.18497944192358
  mean: 12.896847614276856
  median: 10.319608896065127
  min: 4.092004345618032
  num_samples: 364
  rmse: 15.645441458374096
  std: 8.857265946189731
