rot:
  max: 107.98119575864445
  mean: 107.98119575864445
  median: 107.98119575864445
  min: 107.98119575864445
  num_samples: 1
  rmse: 107.98119575864445
  std: 0.0
scale:
  max: 1322.7857616319122
  mean: 1322.7857616319122
  median: 1322.7857616319122
  min: 1322.7857616319122
  num_samples: 1
  rmse: 1322.7857616319122
  std: 0.0
trans:
  max: 15.645441458374096
  mean: 15.645441458374096
  median: 15.645441458374096
  min: 15.645441458374096
  num_samples: 1
  rmse: 15.645441458374096
  std: 0.0
