%YAML:1.0
---
model_type: PINHOLE
camera_name: camera
image_width: 640
image_height: 480
distortion_parameters:
   k1: 0
   k2: 0
   p1: 0
   p2: 0
projection_parameters: 
   fx: 390.7312927246094
   fy: 390.7312927246094
   cx: 319.97802734375
   cy: 238.85345458984375

