%YAML:1.0

#common parameters
#support: 1 imu 1 cam; 1 imu 2 cam: 2 cam; 
imu: 1         
num_of_cam: 2  

imu_topic: "/mavros/imu/data"
image0_topic: "/camera/infra1/image_rect_raw"
image1_topic: "/camera/infra2/image_rect_raw"
output_path: "/home/chill/vins_output"

cam0_calib: "left.yaml"
cam1_calib: "right.yaml"
image_width: 640
image_height: 480
   

# Extrinsic parameter between IMU and Camera.
estimate_extrinsic: 1   # 0  Have an accurate extrinsic parameters. We will trust the following imu^R_cam, imu^T_cam, don't change it.
                        # 1  Have an initial guess about extrinsic parameters. We will optimize around your initial guess.
body_T_cam0: !!opencv-matrix
   rows: 4
   cols: 4
   dt: d
   data: [ -0.018645962522698345, -0.9997020115745703, -0.015754876558105313, 0.0008122023434833528,0.1824776082680175, 0.012090313258586782, -0.9831356705999912, -0.0011884474511518726,0.9830331889424626, -0.021206423061616242, 0.1821977965249461, -6.960745783952919e-05, 0., 0., 0., 1. ]
body_T_cam1: !!opencv-matrix
   rows: 4
   cols: 4
   dt: d
   data: [ -0.01681660846983174, -0.9997281327293659, -0.01615123243062455, -0.0498042512306444,0.17803996095924052, 0.012901301466683945, -0.9839386813831938, -0.001215441178470452,0.9838795525780606, -0.01942207635453569, 0.1777746015854742, -0.0008564407711642701, 0., 0., 0., 1. ]
#Multiple thread support
multiple_thread: 1

#feature traker paprameters
max_cnt: 150            # max feature number in feature tracking 最大的特征点数量，当提取小于max-cnt则进行提取
min_dist: 30            # min distance between two features  两特征最小距离，避免过于冗余，刚兴趣区域分散
freq: 10                # frequence (Hz) of publish tracking result. At least 10Hz for good estimation. If set 0, the frequence will be same as raw image 
F_threshold: 1.0        # ransac threshold (pixel)
show_track: 1           # publish tracking image as topic
flow_back: 1            # perform forward and backward optical flow to improve feature tracking accuracy

#optimization parameters
max_solver_time: 0.04  # max solver itration time (ms), to guarantee real time
max_num_iterations: 8   # max solver itrations, to guarantee real time
keyframe_parallax: 10.0 # keyframe selection threshold (pixel)

#imu parameters       The more accurate parameters you provide, the better performance
acc_n: 0.010891283995460944        # accelerometer measurement noise standard deviation. #0.2   0.04
gyr_n: 0.0016803762279444879          # gyroscope measurement noise standard deviation.     #0.05  0.004
acc_w: 0.0001787920692948497         # accelerometer bias random work noise standard deviation.  #0.002
gyr_w: 2.7945920744214167e-05         # gyroscope bias random work noise standard deviation.     #4.0e-5
g_norm: 9.805       # gravity magnitude 9.805

#unsynchronization parameters
estimate_td: 1                      # online estimate time offset between camera and imu
td: 0.00                             # initial value of time offset. unit: s. readed image clock + td = real image clock (IMU clock)

#loop closure parameters
load_previous_pose_graph: 0        # load and reuse previous pose graph; load from 'pose_graph_save_path'
pose_graph_save_path: "/home/chill/vins_output/pose_graph"  # save and load path
save_image: 1                   # save image in pose graph for visualization prupose; you can close this function by setting 0 

