%YAML:1.0

#common parameters
#support: 1 imu 1 cam; 1 imu 2 cam: 2 cam; 
imu: 1         
num_of_cam: 2  

imu_topic: "/camera/imu"
image0_topic: "/camera/infra1/image_rect_raw"
image1_topic: "/camera/infra2/image_rect_raw"
output_path: "/home/chill/vins_output"

cam0_calib: "left.yaml"
cam1_calib: "right.yaml"
image_width: 640
image_height: 480
   

# Extrinsic parameter between IMU and Camera.
estimate_extrinsic: 1   # 0  Have an accurate extrinsic parameters. We will trust the following imu^R_cam, imu^T_cam, don't change it.
                        # 1  Have an initial guess about extrinsic parameters. We will optimize around your initial guess.
body_T_cam0: !!opencv-matrix
   rows: 4
   cols: 4
   dt: d
   data: [ 9.9989954922016522e-01, 3.9070298174125953e-03,
       -1.3624484845901277e-02, -6.1352567829252268e-03,
       -3.8650434471972635e-03, 9.9998770499000122e-01,
       3.1066554333436442e-03, 3.8769701377178840e-03,
       1.3636455128134368e-02, -3.0536841415075978e-03,
       9.9990235628520363e-01, 1.4824760946101578e-02, 0., 0., 0., 1. ]
body_T_cam1: !!opencv-matrix
   rows: 4
   cols: 4
   dt: d
   data: [ 9.9987665107047297e-01, 3.7707996560229170e-03,
       -1.5246760772364355e-02, 4.5650210897926209e-02,
       -3.7398551336695692e-03, 9.9999088987622153e-01,
       2.0575830825603769e-03, 4.0109233715837538e-03,
       1.5254380606066455e-02, -2.0003086053433719e-03,
       9.9988164431487025e-01, 1.6407717417166547e-02, 0., 0., 0., 1. ]
#Multiple thread support
multiple_thread: 1

#feature traker paprameters
max_cnt: 150            # max feature number in feature tracking 最大的特征点数量，当提取小于max-cnt则进行提取
min_dist: 30            # min distance between two features  两特征最小距离，避免过于冗余，刚兴趣区域分散
freq: 10                # frequence (Hz) of publish tracking result. At least 10Hz for good estimation. If set 0, the frequence will be same as raw image 
F_threshold: 1.0        # ransac threshold (pixel)
show_track: 1           # publish tracking image as topic
flow_back: 1            # perform forward and backward optical flow to improve feature tracking accuracy

#optimization parameters
max_solver_time: 0.04  # max solver itration time (ms), to guarantee real time
max_num_iterations: 8   # max solver itrations, to guarantee real time
keyframe_parallax: 10.0 # keyframe selection threshold (pixel)

#imu parameters       The more accurate parameters you provide, the better performance
acc_n: 0.1        # accelerometer measurement noise standard deviation. #0.2   0.04
gyr_n: 0.01          # gyroscope measurement noise standard deviation.     #0.05  0.004
acc_w: 0.001         # accelerometer bias random work noise standard deviation.  #0.002
gyr_w: 0.0001         # gyroscope bias random work noise standard deviation.     #4.0e-5
g_norm: 9.805       # gravity magnitude 9.805

#unsynchronization parameters
estimate_td: 1                      # online estimate time offset between camera and imu
td: 0.00                             # initial value of time offset. unit: s. readed image clock + td = real image clock (IMU clock)

#loop closure parameters
load_previous_pose_graph: 0        # load and reuse previous pose graph; load from 'pose_graph_save_path'
pose_graph_save_path: "/home/chill/vins_output/pose_graph"  # save and load path
save_image: 1                   # save image in pose graph for visualization prupose; you can close this function by setting 0 

