%YAML:1.0

#common parameters
#support: 1 imu 1 cam; 1 imu 2 cam: 2 cam; 
imu: 1         
num_of_cam: 2  

imu_topic: "/mavros/imu/data"
image0_topic: "/camera/infra1/image_rect_raw"
image1_topic: "/camera/infra2/image_rect_raw"
output_path: "/home/chill/vins_output"

cam0_calib: "left.yaml"
cam1_calib: "right.yaml"
image_width: 640
image_height: 480
   

# Extrinsic parameter between IMU and Camera.
estimate_extrinsic: 0   # 0  Have an accurate extrinsic parameters. We will trust the following imu^R_cam, imu^T_cam, don't change it.
                        # 1  Have an initial guess about extrinsic parameters. We will optimize around your initial guess.
body_T_cam0: !!opencv-matrix
   rows: 4
   cols: 4
   dt: d
   data: [ -0.014975467453110597, -0.9998008123370906, -0.01319359786619878, 0.0022229942436955497, -0.5746037417439823, 0.019403848913932015, -0.8182017053399123, -0.0010386237058259608, 0.8182947362340639, -0.004671862307414232, -0.5747798694754409, -0.0005656681988833339, 0., 0., 0., 1. ]
body_T_cam1: !!opencv-matrix
   rows: 4
   cols: 4
   dt: d
   data: [  -0.013978066210644069, -0.9997930949010059, -0.014777721518523412, -0.04839420997955466,-0.5782904840943293, 0.020139997925005038, -0.8155823051596491, -0.001064383116099496, 0.8157111803027816, -0.0028544477309931926, -0.5784523510689483, -0.0013542583393463896, 0., 0., 0., 1. ]
#Multiple thread support
multiple_thread: 1

#feature traker paprameters
max_cnt: 150            # max feature number in feature tracking 最大的特征点数量，当提取小于max-cnt则进行提取
min_dist: 30            # min distance between two features  两特征最小距离，避免过于冗余，刚兴趣区域分散
freq: 10                # frequence (Hz) of publish tracking result. At least 10Hz for good estimation. If set 0, the frequence will be same as raw image 
F_threshold: 1.0        # ransac threshold (pixel)
show_track: 1           # publish tracking image as topic
flow_back: 1            # perform forward and backward optical flow to improve feature tracking accuracy

#optimization parameters
max_solver_time: 0.04  # max solver itration time (ms), to guarantee real time
max_num_iterations: 8   # max solver itrations, to guarantee real time
keyframe_parallax: 10.0 # keyframe selection threshold (pixel)

#imu parameters       The more accurate parameters you provide, the better performance
acc_n: 0.010891283995460944       # accelerometer measurement noise standard deviation. #0.2   0.04
gyr_n: 0.0016803762279444879          # gyroscope measurement noise standard deviation.     #0.05  0.004
acc_w: 0.0001787920692948497        # accelerometer bias random work noise standard deviation.  #0.002
gyr_w: 2.7945920744214167e-05         # gyroscope bias random work noise standard deviation.     #4.0e-5
g_norm: 9.805       # gravity magnitude 9.805

#unsynchronization parameters
estimate_td: 1                      # online estimate time offset between camera and imu
td: 0.0005084175203891054                            # initial value of time offset. unit: s. readed image clock + td = real image clock (IMU clock)

#loop closure parameters
load_previous_pose_graph: 0        # load and reuse previous pose graph; load from 'pose_graph_save_path'
pose_graph_save_path: "/home/chill/vins_output/pose_graph"  # save and load path
save_image: 1                   # save image in pose graph for visualization prupose; you can close this function by setting 0 

