rot:
  max: 179.49487451878608
  mean: 133.20136707438516
  median: 136.24756300136005
  min: 80.37625777434609
  num_samples: 72
  rmse: 135.72301783855087
  std: 26.04099423444701
scale:
  max: 75.07456625329768
  mean: 46.81191267079027
  median: 50.06606107445841
  min: 7.1768389231863905
  num_samples: 72
  rmse: 51.22132121482721
  std: 20.791069695780777
trans:
  max: 23.87197180503979
  mean: 12.986054566455103
  median: 12.153402124444078
  min: 4.487576035679718
  num_samples: 72
  rmse: 13.894254981141385
  std: 4.940921804483729
