rot:
  max: 135.72301783855087
  mean: 135.72301783855087
  median: 135.72301783855087
  min: 135.72301783855087
  num_samples: 1
  rmse: 135.72301783855087
  std: 0.0
scale:
  max: 51.22132121482721
  mean: 51.22132121482721
  median: 51.22132121482721
  min: 51.22132121482721
  num_samples: 1
  rmse: 51.22132121482721
  std: 0.0
trans:
  max: 13.894254981141385
  mean: 13.894254981141385
  median: 13.894254981141385
  min: 13.894254981141385
  num_samples: 1
  rmse: 13.894254981141385
  std: 0.0
