rot:
  max: 179.73951619167644
  mean: 167.88197193287186
  median: 170.49192859618827
  min: 149.82090085665052
  num_samples: 10
  rmse: 168.17620645346304
  std: 9.943838142701093
scale:
  max: .inf
  mean: .inf
  median: 63.636451310303165
  min: 8.98192027924678
  num_samples: 10
  rmse: .inf
  std: .nan
trans:
  max: 0.36462438988496804
  mean: 0.15949422129401217
  median: 0.16549760774210037
  min: 4.280937645780395e-17
  num_samples: 10
  rmse: 0.18891354711894398
  std: 0.10124189675662024
