cam0:
  T_cam_imu:
  - [-0.014975467453110597, -0.9998008123370906, -0.01319359786619878, 0.0022229942436955497]
  - [-0.5746037417439823, 0.019403848913932015, -0.8182017053399123, -0.0010386237058259608]
  - [0.8182947362340639, -0.004671862307414232, -0.5747798694754409, -0.0005656681988833339]
  - [0.0, 0.0, 0.0, 1.0]
  cam_overlaps: [1, 2]
  camera_model: pinhole
  distortion_coeffs: [-0.006216881543788755, -0.008965831146637354, -0.006699760163435405, 0.004722332098436569]
  distortion_model: radtan
  intrinsics: [385.9663579533714, 386.66632586105874, 326.31560591362586, 228.94820856640544]
  resolution: [640, 480]
  rostopic: /infra_left
  timeshift_cam_imu: 0.00037378896437530244
cam1:
  T_cam_imu:
  - [-0.013978066210644069, -0.9997930949010059, -0.014777721518523412, -0.04839420997955466]
  - [-0.5782904840943293, 0.020139997925005038, -0.8155823051596491, -0.001064383116099496]
  - [0.8157111803027816, -0.0028544477309931926, -0.5784523510689483, -0.0013542583393463896]
  - [0.0, 0.0, 0.0, 1.0]
  T_cn_cnm1:
  - [0.9999982478417263, 0.0007231719358237159, 0.0017266545179410154, -0.05061547251114527]
  - [-0.0007153510018253096, 0.9999895023790836, -0.004525859539673174, -2.6740227006398083e-05]
  - [-0.0017299093667810079, 0.00452461644561173, 0.9999882675609743, -0.0007800518246660552]
  - [0.0, 0.0, 0.0, 1.0]
  cam_overlaps: [0, 2]
  camera_model: pinhole
  distortion_coeffs: [0.0008912292688776762, -0.049744871536725306, -0.003605966286580121, 0.0028794430597202047]
  distortion_model: radtan
  intrinsics: [386.5092116377738, 386.6137952578704, 324.9424812770913, 231.01404187987941]
  resolution: [640, 480]
  rostopic: /infra_right
  timeshift_cam_imu: 0.0005084175203891054
