cam0:
  T_cam_imu:
  - [-0.018645962522698345, -0.9997020115745703, -0.015754876558105313, 0.0008122023434833528]
  - [0.1824776082680175, 0.012090313258586782, -0.9831356705999912, -0.0011884474511518726]
  - [0.9830331889424626, -0.021206423061616242, 0.1821977965249461, -6.960745783952919e-05]
  - [0.0, 0.0, 0.0, 1.0]
  cam_overlaps: [1, 2]
  camera_model: pinhole
  distortion_coeffs: [-0.006216881543788755, -0.008965831146637354, -0.006699760163435405, 0.004722332098436569]
  distortion_model: radtan
  intrinsics: [385.9663579533714, 386.66632586105874, 326.31560591362586, 228.94820856640544]
  resolution: [640, 480]
  rostopic: /infra_left
  timeshift_cam_imu: 0.0007393121017207066
cam1:
  T_cam_imu:
  - [-0.01681660846983174, -0.9997281327293659, -0.01615123243062455, -0.0498042512306444]
  - [0.17803996095924052, 0.012901301466683945, -0.9839386813831938, -0.001215441178470452]
  - [0.9838795525780606, -0.01942207635453569, 0.1777746015854742, -0.0008564407711642701]
  - [0.0, 0.0, 0.0, 1.0]
  T_cn_cnm1:
  - [0.9999982478417263, 0.0007231719358237159, 0.0017266545179410154, -0.05061547251114527]
  - [-0.0007153510018253096, 0.9999895023790836, -0.004525859539673174, -2.6740227006398083e-05]
  - [-0.0017299093667810079, 0.00452461644561173, 0.9999882675609743, -0.0007800518246660552]
  - [0.0, 0.0, 0.0, 1.0]
  cam_overlaps: [0, 2]
  camera_model: pinhole
  distortion_coeffs: [0.0008912292688776762, -0.049744871536725306, -0.003605966286580121, 0.0028794430597202047]
  distortion_model: radtan
  intrinsics: [386.5092116377738, 386.6137952578704, 324.9424812770913, 231.01404187987941]
  resolution: [640, 480]
  rostopic: /infra_right
  timeshift_cam_imu: 0.0004903618022585052
