rot:
  max: 179.8221554284519
  mean: 97.71380872157843
  median: 94.89414364571249
  min: 19.465551248324324
  num_samples: 367
  rmse: 104.81215243476025
  std: 37.91568122993703
scale:
  max: 26471.304158492643
  mean: 334.66698253247563
  median: 25.66479129246878
  min: 0.07972994741904937
  num_samples: 367
  rmse: 2088.1102992983083
  std: 2061.1168411417825
trans:
  max: 33.093462655302694
  mean: 17.130632301946903
  median: 15.896163819032619
  min: 7.656405575469361
  num_samples: 367
  rmse: 18.155933336597716
  std: 6.014927452469701
