rot:
  max: 104.81215243476025
  mean: 104.81215243476025
  median: 104.81215243476025
  min: 104.81215243476025
  num_samples: 1
  rmse: 104.81215243476025
  std: 0.0
scale:
  max: 2088.1102992983083
  mean: 2088.1102992983083
  median: 2088.1102992983083
  min: 2088.1102992983083
  num_samples: 1
  rmse: 2088.1102992983083
  std: 0.0
trans:
  max: 18.155933336597716
  mean: 18.155933336597716
  median: 18.155933336597716
  min: 18.155933336597716
  num_samples: 1
  rmse: 18.155933336597716
  std: 0.0
