# The modifications of the output file from Kalibr:
# 1. For each matrix (e.g. cam0/T_cam_imu), remove the brackets and minus sign for each line. Use one pair of brackets for each matrix.
# 2. Add the T_imu_body at the end of the calibration file (usually set to identity).
cam0:
  T_cam_imu: [0.9999667172067191, -0.007296356375771598,0.0036507071170916315, 0.006442694441855318,
       0.0072881131295708616, 0.999970873408067,0.002266217667790275, 0.007514171695355607,
       -0.003667135916164434, -0.0022395354752638157, 0.999990768254901, -0.0260663341958185, 0., 0., 0., 1. ]
  camera_model: pinhole
  distortion_coeffs: [ -0.19569707689874072, 0.15520101641423045,-0.44110884295211333,0.41275020062015455]
  distortion_model: radtan
  intrinsics: [225.7738478716409,225.8461450537136,163.41686819974774,113.48421284809696]
  resolution: [346, 260]
  rostopic: /dvs/image_raw
T_imu_body:
  [1.0000, 0.0000, 0.0000, 0.0000,
  0.0000, 1.0000, 0.0000, 0.0000,
  0.0000, 0.0000, 1.0000, 0.0000,
  0.0000, 0.0000, 0.0000, 1.0000]

