# The modifications of the output file from Kalibr:
# 1. For each matrix (e.g. cam0/T_cam_imu), remove the brackets and minus sign for each line. Use one pair of brackets for each matrix.
# 2. Add the T_imu_body at the end of the calibration file (usually set to identity).
cam0:
  T_cam_imu:
    [ 0.9999978428666332, -0.0020626331674709077, 0.0002445536679971544, 0.0068706905627631334,
      0.0020591058598098803, 0.9999048617538134, 0.013639190743778217, 0.005774391225183149,
       -0.0002726630487956618, -0.01363865776033396, 0.9999069520057144, -0.028350501013237113, 0., 0., 0., 1. ]
  camera_model: pinhole
  distortion_coeffs: [-0.006216881543788755, -0.008965831146637354, -0.006699760163435405, 0.004722332098436569]
  distortion_model: radtan
  intrinsics: [385.9663579533714, 386.66632586105874, 326.31560591362586, 228.94820856640544]
  resolution: [640, 480]
  rostopic: /camera/infra1/image_rect_raw
cam1:
  T_cam_imu:    [ 0.9999971090048272, -0.0013630756689376221, 0.00198091057567497, -0.043789569629899314,
       0.0013449688200398537, 0.9999575672876603, 0.009113434205492214, 0.005870985810894627,
       -0.0019932488206923114, -0.009110743595638345, 0.9999565097094342, -0.029115978983838657, 0., 0., 0., 1. ]
  T_cn_cnm1:
    [ 0.9999982478417263, 0.0007231719358237159, 0.0017266545179410154, -0.05061547251114527,
   -0.0007153510018253096, 0.9999895023790836, -0.004525859539673174, -2.6740227006398083e-05,
    -0.0017299093667810079, 0.00452461644561173, 0.9999882675609743, -0.0007800518246660552,
    0.0, 0.0, 0.0, 1.0]
  camera_model: pinhole
  distortion_coeffs: [0.0008912292688776762, -0.049744871536725306, -0.003605966286580121, 0.0028794430597202047]
  distortion_model: radtan
  intrinsics: [386.5092116377738, 386.6137952578704, 324.9424812770913, 231.01404187987941]
  resolution: [640, 480]
  rostopic: /camera/infra2/image_rect_raw
T_imu_body:
  [1.0000, 0.0000, 0.0000, 0.0000,
  0.0000, 1.0000, 0.0000, 0.0000,
  0.0000, 0.0000, 1.0000, 0.0000,
  0.0000, 0.0000, 0.0000, 1.0000]

