%YAML:1.0
---
type: IMU
name: CUAV V5+
Gyr:
   unit: " rad/s"
   avg-axis:
      gyr_n: 1.6803762279444879e-03
      gyr_w: 2.7945920744214167e-05
   x-axis:
      gyr_n: 1.7650511889926112e-03
      gyr_w: 1.1455278809750711e-05
   y-axis:
      gyr_n: 2.1919789600752131e-03
      gyr_w: 1.0763172170282426e-05
   z-axis:
      gyr_n: 1.0840985347656392e-03
      gyr_w: 6.1619311252609360e-05
Acc:
   unit: " m/s^2"
   avg-axis:
      acc_n: 1.0891283995460944e-02
      acc_w: 1.7879206929484969e-04
   x-axis:
      acc_n: 1.1384664470144778e-02
      acc_w: 1.7171532352727888e-04
   y-axis:
      acc_n: 1.2071769034258254e-02
      acc_w: 2.0914852222504420e-04
   z-axis:
      acc_n: 9.2174184819798031e-03
      acc_w: 1.5551236213222607e-04
