rot:
  max: 177.87661453160976
  mean: 120.31974275282906
  median: 114.76403337110305
  min: 83.04760476341116
  num_samples: 189
  rmse: 122.59879321953123
  std: 23.529207440507157
scale:
  max: 1892.2515286957737
  mean: 99.515038906657
  median: 41.575760962447575
  min: 0.6110645393256342
  num_samples: 189
  rmse: 245.29976034283757
  std: 224.20688984877364
trans:
  max: 25.423690738234953
  mean: 14.191440358351992
  median: 13.577671593430097
  min: 2.1496631444778385
  num_samples: 189
  rmse: 15.213847836195503
  std: 5.483081846758162
