rot:
  max: 122.59879321953123
  mean: 122.59879321953123
  median: 122.59879321953123
  min: 122.59879321953123
  num_samples: 1
  rmse: 122.59879321953123
  std: 0.0
scale:
  max: 245.29976034283757
  mean: 245.29976034283757
  median: 245.29976034283757
  min: 245.29976034283757
  num_samples: 1
  rmse: 245.29976034283757
  std: 0.0
trans:
  max: 15.213847836195503
  mean: 15.213847836195503
  median: 15.213847836195503
  min: 15.213847836195503
  num_samples: 1
  rmse: 15.213847836195503
  std: 0.0
