rot:
  max: 179.65372752909502
  mean: 116.39007722895495
  median: 124.50677428228929
  min: 32.90480009749194
  num_samples: 590
  rmse: 121.24337045025824
  std: 33.960341588041445
scale:
  max: 30768.07428382981
  mean: 477.2606764222508
  median: 43.64527427096617
  min: 0.0811867540779665
  num_samples: 590
  rmse: 2582.8483635729594
  std: 2538.371114701806
trans:
  max: 37.370876868534275
  mean: 22.899010485023908
  median: 25.016274569970626
  min: 7.327962694988424
  num_samples: 590
  rmse: 24.1656197289334
  std: 7.720912879328474
