rot:
  max: 121.24337045025824
  mean: 121.24337045025824
  median: 121.24337045025824
  min: 121.24337045025824
  num_samples: 1
  rmse: 121.24337045025824
  std: 0.0
scale:
  max: 2582.8483635729594
  mean: 2582.8483635729594
  median: 2582.8483635729594
  min: 2582.8483635729594
  num_samples: 1
  rmse: 2582.8483635729594
  std: 0.0
trans:
  max: 24.1656197289334
  mean: 24.1656197289334
  median: 24.1656197289334
  min: 24.1656197289334
  num_samples: 1
  rmse: 24.1656197289334
  std: 0.0
