%YAML:1.0
---
type: IMU
name: d435i
Gyr:
   unit: " rad/s"
   avg-axis:
      gyr_n: 2.1056473846954868e-03
      gyr_w: 1.6015774431543977e-05
   x-axis:
      gyr_n: 2.2848980899374191e-03
      gyr_w: 1.6381144608444740e-05
   y-axis:
      gyr_n: 2.9572511222929216e-03
      gyr_w: 2.1758399319403953e-05
   z-axis:
      gyr_n: 1.0747929418561200e-03
      gyr_w: 9.9077793667832329e-06
Acc:
   unit: " m/s^2"
   avg-axis:
      acc_n: 1.2116163608259510e-02
      acc_w: 2.3267111948367786e-04
   x-axis:
      acc_n: 1.2063861210926291e-02
      acc_w: 2.0650869037881086e-04
   y-axis:
      acc_n: 1.1791598005244512e-02
      acc_w: 2.1060973644435163e-04
   z-axis:
      acc_n: 1.2493031608607723e-02
      acc_w: 2.8089493162787110e-04
