rot:
  max: 179.70116452022165
  mean: 94.70439208703081
  median: 91.92300546241984
  min: 9.87873199315295
  num_samples: 366
  rmse: 102.37919171672272
  std: 38.891863107794165
scale:
  max: 12235.259611202044
  mean: 158.2172438735673
  median: 12.275337171789458
  min: 0.0197450231182561
  num_samples: 366
  rmse: 960.6135550457789
  std: 947.4944358035784
trans:
  max: 36.045360953200216
  mean: 12.016430592042555
  median: 10.40665261402771
  min: 3.108301928431654
  num_samples: 366
  rmse: 13.636078014342498
  std: 6.44577531720263
