rot:
  max: 102.37919171672272
  mean: 102.37919171672272
  median: 102.37919171672272
  min: 102.37919171672272
  num_samples: 1
  rmse: 102.37919171672272
  std: 0.0
scale:
  max: 960.6135550457789
  mean: 960.6135550457789
  median: 960.6135550457789
  min: 960.6135550457789
  num_samples: 1
  rmse: 960.6135550457789
  std: 0.0
trans:
  max: 13.636078014342498
  mean: 13.636078014342498
  median: 13.636078014342498
  min: 13.636078014342498
  num_samples: 1
  rmse: 13.636078014342498
  std: 0.0
