rot:
  max: 179.94551736700424
  mean: 106.75911294002684
  median: 110.50477031177137
  min: 16.896576951299085
  num_samples: 593
  rmse: 117.61799127032508
  std: 49.36075034604778
scale:
  max: .inf
  mean: .inf
  median: 13.260891713232015
  min: 0.00804189999454863
  num_samples: 593
  rmse: .inf
  std: .nan
trans:
  max: 29.95224046122231
  mean: 12.304067184374695
  median: 10.635085799269367
  min: 2.2489554590360346
  num_samples: 593
  rmse: 14.914682324935995
  std: 8.429571731479124
