rot:
  max: 117.61799127032508
  mean: 117.61799127032508
  median: 117.61799127032508
  min: 117.61799127032508
  num_samples: 1
  rmse: 117.61799127032508
  std: 0.0
scale:
  max: .inf
  mean: .inf
  median: .inf
  min: .inf
  num_samples: 1
  rmse: .inf
  std: .nan
trans:
  max: 14.914682324935995
  mean: 14.914682324935995
  median: 14.914682324935995
  min: 14.914682324935995
  num_samples: 1
  rmse: 14.914682324935995
  std: 0.0
