rot:
  max: 179.52018636316652
  mean: 100.07665122104186
  median: 103.07779454738562
  min: 19.738112983234547
  num_samples: 363
  rmse: 109.92422973716985
  std: 45.475269803400124
scale:
  max: 8039.671261005168
  mean: 189.7887873970912
  median: 11.171905037044594
  min: 0.163855031865201
  num_samples: 363
  rmse: 918.212414448584
  std: 898.3842464256818
trans:
  max: 32.811551024719826
  mean: 11.942874906344885
  median: 10.424119603185728
  min: 2.7910824124604736
  num_samples: 363
  rmse: 14.944177214417806
  std: 8.983104785502727
