rot:
  max: 109.92422973716985
  mean: 109.92422973716985
  median: 109.92422973716985
  min: 109.92422973716985
  num_samples: 1
  rmse: 109.92422973716985
  std: 0.0
scale:
  max: 918.212414448584
  mean: 918.212414448584
  median: 918.212414448584
  min: 918.212414448584
  num_samples: 1
  rmse: 918.212414448584
  std: 0.0
trans:
  max: 14.944177214417806
  mean: 14.944177214417806
  median: 14.944177214417806
  min: 14.944177214417806
  num_samples: 1
  rmse: 14.944177214417806
  std: 0.0
