%YAML:1.0
---
model_type: PINHOLE
camera_name: camera
image_width: 346
image_height: 260
#Hills
distortion_parameters:
   k1: -0.11215235620070578
   k2: -0.001151082212774529
   p1: 0.0018794149638279919
   p2: 0.006589487846400577

projection_parameters: 
   fx: 222.9082323389418
   fy: 222.8616985930209
   cx: 167.41071327078237
   cy: 127.25404258708653

# #Testbed
# distortion_parameters:
#    k1: -0.19569707689874072
#    k2: 0.15520101641423045
#    p1: -0.44110884295211333
#    p2: 0.41275020062015455
# projection_parameters: 
#    fx: 225.7738478716409
#    fy: 225.8461450537136
#    cx: 163.41686819974774
#    cy: 113.48421284809696

